1001,21,1,3,08:30,Running,60,10.0,148,70.1
1001,21,2,3,07:30,Running,58,10.9,137,71.2
1001,21,2,3,18:30,Running,65,11.0,178,69.9
1001,21,3,3,18:30,Running,60,11.2,154,70.5
1001,21,4,3,10:00,Running,70,12.8,160,72.0
1001,21,4,3,18:30,Cycling,62,25.6,178,72.5
1001,21,5,3,13:30,Cycling,55,28.9,145,71.9
1001,21,6,3,08:30,Cycling,70,31.0,123,71.1
1001,21,7,3,07:30,Cycling,30,15.6,188,70.5
1001,21,1,4,11:00,Cycling,20,12.8,192,69.9
1001,21,2,4,08:10,cycling,87,33.3,189,70.3
1001,21,4,44,13:40,running,140,24.1,156,72.5
1001,21,4,32,17:34,running,77,10.6,177,70.1
1002,60,6,5,10:20,running,40,20.0,120,90.0